41.9533809888919 -86.001452231122
44.65197 -84.81301
42.80535 -83.6647
41.1232063651047 -80.0222625590458
45.7663970975095 -84.4437260341478
44.65197 -84.81301
42.66082 -85.45006
41.87376 -85.75272
42.18246 -85.63034
42.18246 -85.63034
42.61051 -85.48339
41.9533809888919 -86.001452231122
44.20681 -86.21488
42.80535 -83.6647
42.04634 -84.25575
44.65197 -84.81301
44.65197 -84.81301
42.04634 -84.25575
45.7663970975095 -84.4437260341478
42.80535 -83.6647
42.18246 -85.63034
44.56021 -83.50276
42.66082 -85.45006
42.80535 -83.6647
42.61051 -85.48339
44.20681 -86.21488
43.1881892965229 -75.9575040160555
42.5359425272373 -85.3012992437359
41.87376 -85.75272
41.87376 -85.75272
44.65197 -84.81301
41.87376 -85.75272
42.61051 -85.48339
41.9533809888919 -86.001452231122
38.6249383857481 -89.2875142751427
42.66082 -85.45006
40.8839676707512 -83.3580818132093
44.20681 -86.21488
42.04634 -84.25575
42.66082 -85.45006
41.9533809888919 -86.001452231122
44.20681 -86.21488
41.9533809888919 -86.001452231122
45.7663970975095 -84.4437260341478
44.65197 -84.81301
44.56021 -83.50276
42.5359425272373 -85.3012992437359
42.5359425272373 -85.3012992437359
42.5359425272373 -85.3012992437359
44.65197 -84.81301
42.04634 -84.25575
41.0695872167946 -82.7806438861225
42.18246 -85.63034
45.7663970975095 -84.4437260341478
42.18246 -85.63034
45.7663970975095 -84.4437260341478
40.8839676707512 -83.3580818132093
40.0007739467455 -83.7051458514925
44.65197 -84.81301
42.66082 -85.45006
40.0007739467455 -83.7051458514925
42.80535 -83.6647
44.20681 -86.21488
43.1881892965229 -75.9575040160555
41.9533809888919 -86.001452231122
42.5359425272373 -85.3012992437359
41.9533809888919 -86.001452231122
42.61051 -85.48339
44.20681 -86.21488
42.18246 -85.63034
44.56021 -83.50276
42.60115 -85.39137
45.08821 -84.23257
40.5015132640675 -83.7313124553376
41.9533809888919 -86.001452231122
44.56021 -83.50276
42.61051 -85.48339
42.66082 -85.45006
42.5359425272373 -85.3012992437359
42.61051 -85.48339
44.65197 -84.81301
44.65197 -84.81301
42.18246 -85.63034
42.5359425272373 -85.3012992437359
44.65197 -84.81301
44.56021 -83.50276
42.5359425272373 -85.3012992437359
45.7663970975095 -84.4437260341478
42.5359425272373 -85.3012992437359
42.66082 -85.45006
42.66082 -85.45006
42.60115 -85.39137
44.20681 -86.21488
39.5803312161282 -84.0065148824076
44.65197 -84.81301
42.619046537936 -85.456824193303
41.9533809888919 -86.001452231122
41.1232063651047 -80.0222625590458
44.20681 -86.21488
42.5359425272373 -85.3012992437359
42.80535 -83.6647
42.61051 -85.48339
44.20681 -86.21488
41.9533809888919 -86.001452231122
42.18246 -85.63034
41.9533809888919 -86.001452231122
41.9533809888919 -86.001452231122
45.7663970975095 -84.4437260341478
45.7663970975095 -84.4437260341478
41.9533809888919 -86.001452231122
42.5359425272373 -85.3012992437359
42.60115 -85.39137
41.9533809888919 -86.001452231122
42.18246 -85.63034
41.9533809888919 -86.001452231122
45.7663970975095 -84.4437260341478
44.65197 -84.81301
41.87376 -85.75272
44.20681 -86.21488
44.20681 -86.21488
42.80535 -83.6647
45.7663970975095 -84.4437260341478
42.5359425272373 -85.3012992437359
41.87376 -85.75272
42.5359425272373 -85.3012992437359
41.9533809888919 -86.001452231122
41.1232063651047 -80.0222625590458
45.7663970975095 -84.4437260341478
42.80535 -83.6647
41.87376 -85.75272
42.80535 -83.6647
41.9533809888919 -86.001452231122
42.5359425272373 -85.3012992437359
41.9533809888919 -86.001452231122
45.2203215511017 -81.5305937238157
42.80535 -83.6647
45.7663970975095 -84.4437260341478
42.5359425272373 -85.3012992437359
42.61051 -85.48339
42.18246 -85.63034
45.7663970975095 -84.4437260341478
42.61051 -85.48339
44.65197 -84.81301
44.65197 -84.81301
44.56021 -83.50276
41.0695872167946 -82.7806438861225
42.6632611945915 -85.4866785314012
41.9533809888919 -86.001452231122
42.18246 -85.63034
42.5359425272373 -85.3012992437359
41.9533809888919 -86.001452231122
44.56021 -83.50276
42.5359425272373 -85.3012992437359
41.9533809888919 -86.001452231122
45.7663970975095 -84.4437260341478
42.5359425272373 -85.3012992437359
42.5359425272373 -85.3012992437359
41.6071379872638 -80.8658077865606
41.9533809888919 -86.001452231122
44.20681 -86.21488
41.1232063651047 -80.0222625590458
42.18246 -85.63034
42.18246 -85.63034
42.5359425272373 -85.3012992437359
42.60115 -85.39137
42.04634 -84.25575
45.7663970975095 -84.4437260341478
42.18246 -85.63034
42.5359425272373 -85.3012992437359
45.7663970975095 -84.4437260341478
44.65197 -84.81301
45.7663970975095 -84.4437260341478
44.20681 -86.21488
42.61051 -85.48339
41.9533809888919 -86.001452231122
41.87376 -85.75272
39.5803312161282 -84.0065148824076
42.61051 -85.48339
42.5359425272373 -85.3012992437359
41.0695872167946 -82.7806438861225
41.87376 -85.75272
42.80535 -83.6647
40.0007739467455 -83.7051458514925
44.65197 -84.81301
38.6249383857481 -89.2875142751427
44.20681 -86.21488
44.65197 -84.81301
42.04634 -84.25575
39.5803312161282 -84.0065148824076
44.56021 -83.50276
41.9533809888919 -86.001452231122
44.65197 -84.81301
42.66082 -85.45006
42.61051 -85.48339
42.5359425272373 -85.3012992437359
45.7663970975095 -84.4437260341478
42.80535 -83.6647
45.08821 -84.23257
42.04634 -84.25575
45.7663970975095 -84.4437260341478
45.7663970975095 -84.4437260341478
42.18246 -85.63034
41.87376 -85.75272
42.5359425272373 -85.3012992437359
44.65197 -84.81301
42.60115 -85.39137
45.7663970975095 -84.4437260341478
42.60115 -85.39137
42.5359425272373 -85.3012992437359
42.18246 -85.63034
41.9533809888919 -86.001452231122
44.20681 -86.21488
44.20681 -86.21488
44.65197 -84.81301
42.04634 -84.25575
45.7663970975095 -84.4437260341478
45.7663970975095 -84.4437260341478
42.61051 -85.48339
44.65197 -84.81301
42.619046537936 -85.456824193303
44.65197 -84.81301
