type	column	total	realized	potential
HIGH	5	208	8	14
HIGH	6	208	10	13
HIGH	7	208	4	18
HIGH	8	208	7	19
HIGH	9	208	10	12
HIGH	10	208	9	17
HIGH	11	208	8	15
HIGH	12	208	4	22
HIGH	13	208	5	23
HIGH	14	208	7	15
HIGH	15	208	7	12
HIGH	16	208	3	12
HIGH	17	208	9	17
HIGH	18	208	5	15
HIGH	19	208	9	16
HIGH	20	208	8	16
HIGH	21	208	5	18
HIGH	22	208	6	16
HIGH	23	208	15	12
HIGH	24	208	4	20
HIGH	25	208	4	19
HIGH	26	208	7	17
HIGH	27	208	7	18
HIGH	28	208	6	18
HIGH	29	208	6	15
HIGH	30	208	5	17
HIGH	31	208	8	15
HIGH	32	208	8	8
HIGH	33	208	7	20
HIGH	34	208	5	23
HIGH	35	208	9	13
HIGH	36	208	11	10
HIGH	37	208	8	10
HIGH	38	208	5	19
HIGH	39	208	11	14
HIGH	40	208	8	23
HIGH	41	208	2	13
HIGH	42	208	8	17
HIGH	43	208	5	23
HIGH	44	208	8	10
HIGH	45	208	3	15
HIGH	46	208	9	11
HIGH	47	208	10	14
HIGH	48	208	12	17
HIGH	49	208	10	14
HIGH	50	208	3	17
HIGH	51	208	7	15
HIGH	52	208	3	22
HIGH	53	208	5	17
HIGH	54	208	10	10
HIGH	55	208	8	17
HIGH	56	208	5	14
HIGH	57	208	7	17
HIGH	58	208	8	16
HIGH	59	208	6	18
HIGH	60	208	8	18
HIGH	61	208	8	14
HIGH	62	208	9	13
HIGH	63	208	9	13
HIGH	64	208	5	18
HIGH	65	208	4	16
HIGH	66	208	7	12
HIGH	67	208	5	20
HIGH	68	208	9	11
HIGH	69	208	4	21
HIGH	70	208	9	7
HIGH	71	208	7	20
HIGH	72	208	5	20
HIGH	73	208	4	21
HIGH	74	208	6	22
HIGH	75	208	6	14
HIGH	76	208	7	17
HIGH	77	208	10	20
HIGH	78	208	5	9
HIGH	79	208	4	21
HIGH	80	208	10	18
HIGH	81	208	9	9
HIGH	82	208	5	16
HIGH	83	208	10	12
HIGH	84	208	6	16
HIGH	85	208	9	13
HIGH	86	208	9	17
HIGH	87	208	5	16
HIGH	88	208	5	14
HIGH	89	208	11	17
HIGH	90	208	5	21
HIGH	91	208	8	15
HIGH	92	208	13	7
HIGH	93	208	6	18
HIGH	94	208	8	16
HIGH	95	208	6	12
HIGH	96	208	5	11
HIGH	97	208	10	18
HIGH	98	208	8	16
HIGH	99	208	8	13
HIGH	100	208	10	21
HIGH	101	208	5	19
HIGH	102	208	5	17
HIGH	103	208	7	14
HIGH	104	208	8	12
HIGH	105	208	4	18
HIGH	106	208	7	15
HIGH	107	208	8	16
HIGH	108	208	6	17
HIGH	109	208	9	13
HIGH	110	208	6	17
HIGH	111	208	4	17
HIGH	112	208	12	12
HIGH	113	208	11	16
HIGH	114	208	6	12
HIGH	115	208	3	14
HIGH	116	208	5	12
HIGH	117	208	5	18
HIGH	118	208	5	20
HIGH	119	208	4	19
HIGH	120	208	11	15
HIGH	121	208	9	20
HIGH	122	208	2	24
HIGH	123	208	9	21
HIGH	124	208	8	15
HIGH	125	208	6	17
HIGH	126	208	14	7
HIGH	127	208	4	13
HIGH	128	208	2	19
HIGH	129	208	5	20
HIGH	130	208	4	21
HIGH	131	208	6	13
HIGH	132	208	10	13
HIGH	133	208	7	13
HIGH	134	208	7	10
HIGH	135	208	6	18
HIGH	136	208	5	17
HIGH	137	208	5	18
HIGH	138	208	5	11
HIGH	139	208	6	14
HIGH	140	208	5	14
HIGH	141	208	8	18
HIGH	142	208	6	19
HIGH	143	208	6	17
HIGH	144	208	5	21
HIGH	145	208	9	16
HIGH	146	208	8	17
HIGH	147	208	8	19
HIGH	148	208	11	16
HIGH	149	208	9	18
HIGH	150	208	6	21
HIGH	151	208	10	10
HIGH	152	208	4	19
HIGH	153	208	4	13
HIGH	154	208	3	17
HIGH	155	208	7	13
HIGH	156	208	5	20
HIGH	157	208	4	21
HIGH	158	208	8	15
HIGH	159	208	10	20
HIGH	160	208	6	20
HIGH	161	208	4	18
HIGH	162	208	3	11
HIGH	163	208	3	20
HIGH	164	208	7	19
HIGH	165	208	5	14
HIGH	166	208	3	25
HIGH	167	208	4	19
HIGH	168	208	5	17
HIGH	169	208	6	17
HIGH	170	208	8	20
HIGH	171	208	10	20
HIGH	172	208	7	20
HIGH	173	208	6	13
HIGH	174	208	9	14
HIGH	175	208	8	17
HIGH	176	208	11	11
HIGH	177	208	7	16
HIGH	178	208	8	11
HIGH	179	208	5	19
HIGH	180	208	4	18
HIGH	181	208	10	12
HIGH	182	208	5	16
HIGH	183	208	6	15
HIGH	184	208	6	14
HIGH	185	208	3	23
HIGH	186	208	5	14
HIGH	187	208	9	13
HIGH	188	208	8	15
HIGH	189	208	8	10
HIGH	190	208	4	21
HIGH	191	208	13	14
HIGH	192	208	2	19
HIGH	193	208	8	13
HIGH	194	208	7	23
HIGH	195	208	4	22
HIGH	196	208	10	12
HIGH	197	208	9	9
HIGH	198	208	5	15
HIGH	199	208	4	22
HIGH	200	208	12	14
HIGH	201	208	8	16
HIGH	202	208	6	20
HIGH	203	208	7	23
HIGH	204	208	9	18
HIGH	205	208	10	13
HIGH	206	208	5	12
HIGH	207	208	4	19
HIGH	208	208	7	14
HIGH	209	208	9	15
HIGH	210	208	6	19
HIGH	211	208	12	9
HIGH	212	208	5	26
HIGH	213	208	2	12
HIGH	214	208	7	22
HIGH	215	208	3	22
HIGH	216	208	8	17
HIGH	217	208	9	16
HIGH	218	208	9	18
HIGH	219	208	5	17
HIGH	220	208	7	13
HIGH	221	208	10	11
HIGH	222	208	9	13
HIGH	223	208	4	18
HIGH	224	208	11	17
HIGH	225	208	10	19
HIGH	226	208	13	16
MODERATE	5	13429	870	1556
MODERATE	6	13429	1040	1316
MODERATE	7	13429	855	1510
MODERATE	8	13429	1017	1216
MODERATE	9	13429	1098	1117
MODERATE	10	13429	1070	1310
MODERATE	11	13429	905	1420
MODERATE	12	13429	851	1697
MODERATE	13	13429	814	1796
MODERATE	14	13429	1035	1426
MODERATE	15	13429	998	1226
MODERATE	16	13429	816	1664
MODERATE	17	13429	1009	1300
MODERATE	18	13429	955	1407
MODERATE	19	13429	807	1632
MODERATE	20	13429	975	1385
MODERATE	21	13429	980	1408
MODERATE	22	13429	846	1622
MODERATE	23	13429	1205	953
MODERATE	24	13429	843	1600
MODERATE	25	13429	791	1746
MODERATE	26	13429	915	1546
MODERATE	27	13429	894	1550
MODERATE	28	13429	862	1509
MODERATE	29	13429	940	1408
MODERATE	30	13429	994	1282
MODERATE	31	13429	1080	1256
MODERATE	32	13429	1028	1131
MODERATE	33	13429	888	1561
MODERATE	34	13429	946	1537
MODERATE	35	13429	991	1419
MODERATE	36	13428	1068	1145
MODERATE	37	13429	934	1384
MODERATE	38	13429	821	1757
MODERATE	39	13429	924	1467
MODERATE	40	13429	935	1381
MODERATE	41	13429	1056	924
MODERATE	42	13429	1044	1171
MODERATE	43	13429	786	1633
MODERATE	44	13429	945	1408
MODERATE	45	13429	905	1614
MODERATE	46	13429	989	1334
MODERATE	47	13429	860	1592
MODERATE	48	13429	1152	1153
MODERATE	49	13429	1047	1329
MODERATE	50	13429	870	1601
MODERATE	51	13429	917	1557
MODERATE	52	13429	862	1579
MODERATE	53	13429	872	1600
MODERATE	54	13429	980	1428
MODERATE	55	13429	939	1576
MODERATE	56	13429	882	1477
MODERATE	57	13429	902	1597
MODERATE	58	13429	1148	1062
MODERATE	59	13429	824	1731
MODERATE	60	13429	1125	1220
MODERATE	61	13429	948	1452
MODERATE	62	13429	1093	1153
MODERATE	63	13429	981	1414
MODERATE	64	13429	851	1641
MODERATE	65	13429	861	1462
MODERATE	66	13429	899	1345
MODERATE	67	13429	977	1384
MODERATE	68	13429	1060	897
MODERATE	69	13429	861	1669
MODERATE	70	13429	858	1587
MODERATE	71	13429	980	1325
MODERATE	72	13429	762	1783
MODERATE	73	13429	932	1426
MODERATE	74	13429	948	1574
MODERATE	75	13429	855	1651
MODERATE	76	13429	940	1496
MODERATE	77	13429	1059	1375
MODERATE	78	13429	881	1394
MODERATE	79	13429	965	1517
MODERATE	80	13429	1031	1359
MODERATE	81	13429	1111	1201
MODERATE	82	13429	948	1484
MODERATE	83	13428	1064	1166
MODERATE	84	13429	831	1608
MODERATE	85	13429	1057	1302
MODERATE	86	13429	973	1411
MODERATE	87	13429	845	1702
MODERATE	88	13429	922	1542
MODERATE	89	13429	1020	1357
MODERATE	90	13429	896	1644
MODERATE	91	13429	799	1761
MODERATE	92	13429	1129	1181
MODERATE	93	13429	877	1592
MODERATE	94	13429	970	1426
MODERATE	95	13429	995	1343
MODERATE	96	13429	1026	1331
MODERATE	97	13429	986	1286
MODERATE	98	13429	994	1291
MODERATE	99	13429	1005	1418
MODERATE	100	13429	1148	1078
MODERATE	101	13429	808	1719
MODERATE	102	13429	1104	1040
MODERATE	103	13428	1055	1182
MODERATE	104	13429	1035	1272
MODERATE	105	13429	849	1548
MODERATE	106	13429	1200	902
MODERATE	107	13429	970	1437
MODERATE	108	13429	812	1615
MODERATE	109	13429	896	1503
MODERATE	110	13429	865	1630
MODERATE	111	13429	818	1670
MODERATE	112	13429	1066	1253
MODERATE	113	13429	1091	1194
MODERATE	114	13429	898	1549
MODERATE	115	13429	909	1499
MODERATE	116	13429	980	1454
MODERATE	117	13429	826	1750
MODERATE	118	13429	806	1745
MODERATE	119	13429	838	1692
MODERATE	120	13429	1110	1225
MODERATE	121	13429	1055	1274
MODERATE	122	13429	834	1649
MODERATE	123	13429	1004	1308
MODERATE	124	13429	931	1389
MODERATE	125	13429	865	1530
MODERATE	126	13429	1176	990
MODERATE	127	13429	891	1541
MODERATE	128	13429	874	1535
MODERATE	129	13429	884	1550
MODERATE	130	13429	864	1656
MODERATE	131	13429	1123	983
MODERATE	132	13429	1089	1208
MODERATE	133	13429	857	1514
MODERATE	134	13429	938	1478
MODERATE	135	13429	789	1601
MODERATE	136	13429	849	1692
MODERATE	137	13429	824	1599
MODERATE	138	13429	882	1508
MODERATE	139	13429	835	1520
MODERATE	140	13429	835	1560
MODERATE	141	13429	1069	1206
MODERATE	142	13429	863	1540
MODERATE	143	13429	1023	1252
MODERATE	144	13429	824	1781
MODERATE	145	13429	1060	1182
MODERATE	146	13429	898	1548
MODERATE	147	13429	1013	1408
MODERATE	148	13429	957	1496
MODERATE	149	13429	846	1630
MODERATE	150	13429	836	1543
MODERATE	151	13429	1176	1098
MODERATE	152	13429	818	1694
MODERATE	153	13429	816	1727
MODERATE	154	13429	821	1573
MODERATE	155	13429	922	1549
MODERATE	156	13429	887	1606
MODERATE	157	13429	868	1544
MODERATE	158	13429	937	1482
MODERATE	159	13429	1146	1143
MODERATE	160	13429	850	1579
MODERATE	161	13429	812	1653
MODERATE	162	13429	990	912
MODERATE	163	13429	880	1629
MODERATE	164	13429	1012	1373
MODERATE	165	13429	1042	1199
MODERATE	166	13429	864	1704
MODERATE	167	13429	791	1710
MODERATE	168	13429	925	1468
MODERATE	169	13429	1043	1297
MODERATE	170	13429	793	1711
MODERATE	171	13429	1098	1136
MODERATE	172	13429	907	1584
MODERATE	173	13429	922	1474
MODERATE	174	13429	1098	1110
MODERATE	175	13429	989	1381
MODERATE	176	13429	1186	1039
MODERATE	177	13429	955	1335
MODERATE	178	13429	979	1344
MODERATE	179	13429	902	1573
MODERATE	180	13429	921	1516
MODERATE	181	13429	1142	1031
MODERATE	182	13429	880	1517
MODERATE	183	13429	876	1528
MODERATE	184	13429	832	1595
MODERATE	185	13429	858	1617
MODERATE	186	13429	865	1463
MODERATE	187	13429	1110	1146
MODERATE	188	13429	998	1465
MODERATE	189	13429	1002	1227
MODERATE	190	13428	981	1331
MODERATE	191	13429	990	1431
MODERATE	192	13429	856	1685
MODERATE	193	13429	1066	1272
MODERATE	194	13429	939	1551
MODERATE	195	13429	874	1654
MODERATE	196	13429	979	1462
MODERATE	197	13429	1049	1264
MODERATE	198	13429	940	1474
MODERATE	199	13429	881	1615
MODERATE	200	13429	1105	1130
MODERATE	201	13429	837	1549
MODERATE	202	13429	976	1296
MODERATE	203	13429	890	1624
MODERATE	204	13429	1134	1128
MODERATE	205	13429	1059	1229
MODERATE	206	13429	822	1742
MODERATE	207	13429	868	1647
MODERATE	208	13429	865	1591
MODERATE	209	13429	996	1342
MODERATE	210	13429	942	1544
MODERATE	211	13429	1038	1321
MODERATE	212	13429	956	1495
MODERATE	213	13429	885	1515
MODERATE	214	13429	862	1698
MODERATE	215	13429	840	1674
MODERATE	216	13429	931	1431
MODERATE	217	13429	1021	1255
MODERATE	218	13429	1018	1415
MODERATE	219	13429	860	1598
MODERATE	220	13429	966	1278
MODERATE	221	13429	1127	1111
MODERATE	222	13429	1141	1004
MODERATE	223	13429	795	1653
MODERATE	224	13429	1000	1446
MODERATE	225	13429	1195	1090
MODERATE	226	13429	975	1477
LOW	5	15311	1496	2452
LOW	6	15311	1745	2042
LOW	7	15311	1428	2429
LOW	8	15311	1641	1941
LOW	9	15311	1923	1727
LOW	10	15311	1762	2048
LOW	11	15311	1565	2305
LOW	12	15311	1450	2652
LOW	13	15311	1349	2613
LOW	14	15311	1639	2141
LOW	15	15311	1743	1939
LOW	16	15311	1368	2625
LOW	17	15311	1721	2122
LOW	18	15311	1555	2107
LOW	19	15311	1435	2591
LOW	20	15311	1628	2153
LOW	21	15311	1623	2231
LOW	22	15311	1342	2598
LOW	23	15311	2041	1477
LOW	24	15311	1396	2468
LOW	25	15311	1296	2735
LOW	26	15311	1470	2554
LOW	27	15311	1511	2376
LOW	28	15311	1590	2299
LOW	29	15311	1645	2164
LOW	30	15311	1688	2061
LOW	31	15311	1741	1960
LOW	32	15311	1713	1963
LOW	33	15311	1472	2462
LOW	34	15311	1567	2335
LOW	35	15311	1539	2208
LOW	36	15311	1827	1748
LOW	37	15311	1644	2135
LOW	38	15311	1421	2622
LOW	39	15311	1673	2184
LOW	40	15311	1595	2264
LOW	41	15311	1716	1454
LOW	42	15310	1901	1780
LOW	43	15311	1302	2496
LOW	44	15311	1585	2188
LOW	45	15311	1444	2574
LOW	46	15311	1759	2033
LOW	47	15311	1451	2499
LOW	48	15311	1936	1692
LOW	49	15311	1735	2025
LOW	50	15311	1497	2469
LOW	51	15311	1486	2494
LOW	52	15311	1456	2432
LOW	53	15311	1484	2478
LOW	54	15311	1659	2151
LOW	55	15311	1522	2267
LOW	56	15311	1513	2393
LOW	57	15311	1412	2575
LOW	58	15311	2009	1541
LOW	59	15311	1330	2727
LOW	60	15311	1925	1825
LOW	61	15311	1698	2192
LOW	62	15311	1763	1866
LOW	63	15311	1615	2297
LOW	64	15311	1481	2481
LOW	65	15311	1519	2223
LOW	66	15311	1585	2092
LOW	67	15311	1726	2120
LOW	68	15311	1711	1515
LOW	69	15311	1385	2681
LOW	70	15311	1437	2539
LOW	71	15311	1696	2013
LOW	72	15311	1349	2741
LOW	73	15311	1679	2204
LOW	74	15311	1470	2433
LOW	75	15311	1400	2658
LOW	76	15311	1564	2356
LOW	77	15311	1760	2043
LOW	78	15311	1505	2185
LOW	79	15311	1552	2390
LOW	80	15311	1684	2116
LOW	81	15311	1834	1769
LOW	82	15311	1600	2202
LOW	83	15311	1805	1758
LOW	84	15311	1386	2525
LOW	85	15311	1730	1960
LOW	86	15311	1660	2160
LOW	87	15311	1391	2559
LOW	88	15311	1546	2543
LOW	89	15311	1666	2128
LOW	90	15311	1502	2528
LOW	91	15311	1401	2628
LOW	92	15311	1910	1766
LOW	93	15311	1374	2528
LOW	94	15311	1608	2157
LOW	95	15311	1605	2190
LOW	96	15311	1604	2178
LOW	97	15311	1745	1966
LOW	98	15311	1775	1993
LOW	99	15311	1699	2101
LOW	100	15311	1883	1653
LOW	101	15311	1386	2706
LOW	102	15311	1753	1704
LOW	103	15311	1872	1798
LOW	104	15311	1734	2041
LOW	105	15311	1503	2313
LOW	106	15311	2055	1344
LOW	107	15311	1713	2148
LOW	108	15311	1404	2667
LOW	109	15311	1559	2344
LOW	110	15311	1451	2560
LOW	111	15311	1462	2567
LOW	112	15311	1855	1902
LOW	113	15311	1884	1802
LOW	114	15311	1547	2357
LOW	115	15311	1492	2412
LOW	116	15311	1559	2356
LOW	117	15311	1377	2724
LOW	118	15311	1308	2732
LOW	119	15311	1435	2656
LOW	120	15311	1948	1715
LOW	121	15311	1726	2109
LOW	122	15311	1415	2628
LOW	123	15311	1710	2141
LOW	124	15311	1713	2124
LOW	125	15311	1408	2475
LOW	126	15311	1998	1468
LOW	127	15311	1422	2518
LOW	128	15311	1543	2397
LOW	129	15311	1499	2432
LOW	130	15311	1441	2617
LOW	131	15311	1845	1534
LOW	132	15311	1894	1764
LOW	133	15311	1451	2346
LOW	134	15311	1545	2297
LOW	135	15311	1341	2572
LOW	136	15311	1486	2626
LOW	137	15311	1366	2522
LOW	138	15311	1559	2356
LOW	139	15311	1418	2344
LOW	140	15311	1334	2562
LOW	141	15311	1906	1818
LOW	142	15311	1422	2464
LOW	143	15311	1815	1824
LOW	144	15311	1408	2684
LOW	145	15311	1897	1721
LOW	146	15311	1441	2464
LOW	147	15311	1742	2059
LOW	148	15311	1623	2389
LOW	149	15311	1441	2524
LOW	150	15311	1391	2497
LOW	151	15311	1934	1553
LOW	152	15311	1395	2752
LOW	153	15311	1368	2631
LOW	154	15311	1400	2541
LOW	155	15311	1526	2504
LOW	156	15311	1441	2570
LOW	157	15311	1477	2513
LOW	158	15311	1541	2304
LOW	159	15311	1934	1686
LOW	160	15311	1384	2640
LOW	161	15308	1380	2670
LOW	162	15311	1737	1417
LOW	163	15311	1404	2640
LOW	164	15311	1741	2121
LOW	165	15311	1664	1906
LOW	166	15311	1444	2598
LOW	167	15311	1336	2746
LOW	168	15311	1501	2363
LOW	169	15311	1692	2143
LOW	170	15311	1395	2602
LOW	171	15311	1852	1819
LOW	172	15311	1471	2375
LOW	173	15311	1531	2348
LOW	174	15311	1838	1841
LOW	175	15311	1655	2112
LOW	176	15311	2043	1435
LOW	177	15311	1682	2117
LOW	178	15311	1636	2105
LOW	179	15311	1525	2373
LOW	180	15311	1558	2347
LOW	181	15311	1863	1661
LOW	182	15311	1477	2368
LOW	183	15311	1504	2509
LOW	184	15311	1381	2427
LOW	185	15311	1439	2534
LOW	186	15311	1436	2355
LOW	187	15311	1846	1729
LOW	188	15311	1600	2285
LOW	189	15311	1729	1821
LOW	190	15311	1760	2051
LOW	191	15311	1616	2312
LOW	192	15311	1413	2748
LOW	193	15311	1795	2111
LOW	194	15311	1515	2498
LOW	195	15311	1471	2590
LOW	196	15311	1620	2238
LOW	197	15311	1689	2002
LOW	198	15311	1524	2331
LOW	199	15311	1487	2626
LOW	200	15311	1864	1844
LOW	201	15311	1499	2265
LOW	202	15311	1681	2055
LOW	203	15311	1369	2544
LOW	204	15311	2019	1658
LOW	205	15311	1798	1844
LOW	206	15311	1343	2536
LOW	207	15311	1504	2432
LOW	208	15311	1416	2577
LOW	209	15311	1653	2161
LOW	210	15311	1540	2396
LOW	211	15310	1772	1978
LOW	212	15311	1567	2298
LOW	213	15311	1516	2389
LOW	214	15311	1395	2577
LOW	215	15311	1541	2495
LOW	216	15311	1664	2232
LOW	217	15311	1797	1937
LOW	218	15311	1629	2169
LOW	219	15311	1338	2573
LOW	220	15311	1644	2038
LOW	221	15311	1882	1674
LOW	222	15311	1912	1594
LOW	223	15311	1428	2553
LOW	224	15311	1602	2277
LOW	225	15311	1980	1589
LOW	226	15311	1553	2311
